Web Search interest: abdominal pain constipation joint pain muscle pain headache,,,,,
Texas (United States) 2015,,,,,
,,,,,
Interest over time,,,,,
Week,abdominal pain,constipation,joint pain,muscle pain,headache
2015-01-04 - 2015-01-10,26,56,15,16,92
2015-01-11 - 2015-01-17,24,55,15,15,90
2015-01-18 - 2015-01-24,29,55,15,15,89
2015-01-25 - 2015-01-31,26,55,15,15,93
2015-02-01 - 2015-02-07,25,55,14,15,84
2015-02-08 - 2015-02-14,25,47,14,18,92
2015-02-15 - 2015-02-21,27,54,13,16,86
2015-02-22 - 2015-02-28,27,51,15,17,84
2015-03-01 - 2015-03-07,27,54,15,17,88
2015-03-08 - 2015-03-14,27,60,15,16,89
2015-03-15 - 2015-03-21,26,55,15,19,91
2015-03-22 - 2015-03-28,30,57,16,17,91
2015-03-29 - 2015-04-04,24,50,17,17,84
2015-04-05 - 2015-04-11,26,54,17,17,82
2015-04-12 - 2015-04-18,28,51,15,16,84
2015-04-19 - 2015-04-25,28,53,16,14,91
2015-04-26 - 2015-05-02,26,53,15,16,83
2015-05-03 - 2015-05-09,24,49,16,17,81
2015-05-10 - 2015-05-16,25,49,13,16,86
2015-05-17 - 2015-05-23,23,56,16,15,82
2015-05-24 - 2015-05-30,23,56,14,15,81
2015-05-31 - 2015-06-06,20,53,17,16,91
2015-06-07 - 2015-06-13,24,57,14,16,93
2015-06-14 - 2015-06-20,22,54,18,17,94
2015-06-21 - 2015-06-27,24,54,15,17,97
2015-06-28 - 2015-07-04,28,60,15,17,92
2015-07-05 - 2015-07-11,27,59,15,14,99
2015-07-12 - 2015-07-18,27,63,16,16,91
2015-07-19 - 2015-07-25,27,64,17,16,96
2015-07-26 - 2015-08-01,28,59,17,15,93
2015-08-02 - 2015-08-08,29,58,17,16,92
2015-08-09 - 2015-08-15,26,58,17,15,90
2015-08-16 - 2015-08-22,30,58,15,15,90
2015-08-23 - 2015-08-29,27,55,17,15,88
2015-08-30 - 2015-09-05,26,53,16,17,91
2015-09-06 - 2015-09-12,21,53,17,16,90
2015-09-13 - 2015-09-19,25,55,15,16,93
2015-09-20 - 2015-09-26,24,52,15,16,89
2015-09-27 - 2015-10-03,23,52,16,16,87
2015-10-04 - 2015-10-10,27,54,14,15,86
2015-10-11 - 2015-10-17,27,56,13,15,97
2015-10-18 - 2015-10-24,27,54,17,15,91
2015-10-25 - 2015-10-31,27,51,15,17,84
2015-11-01 - 2015-11-07,28,53,16,16,93
2015-11-08 - 2015-11-14,30,56,18,16,97
2015-11-15 - 2015-11-21,27,54,14,14,86
2015-11-22 - 2015-11-28,23,60,14,15,76
2015-11-29 - 2015-12-05,26,52,15,13,87
2015-12-06 - 2015-12-12,27,53,14,16,93
2015-12-13 - 2015-12-19,25,55,14,14,89
2015-12-20 - 2015-12-26,24,58,15,15,98
2015-12-27 - 2016-01-02,23,58,16,16,100
,,,,,
,,,,,
Top metros for abdominal pain,,,,,
Metro,abdominal pain,constipation,joint pain,muscle pain,headache
Abilene-Sweetwater TX,100,71,0,90,64
Waco-Temple-Bryan TX,71,40,42,55,41
San Antonio TX,67,39,45,48,36
Dallas-Ft. Worth TX,62,39,51,48,38
Austin TX,58,37,50,48,35
Houston TX,57,36,47,49,34
Corpus Christi TX,0,48,67,100,45
Shreveport LA,0,57,67,82,48
Victoria TX,0,100,0,0,100
Wichita Falls TX & Lawton OK,0,62,100,0,49
Odessa-Midland TX,0,57,46,18,53
Amarillo TX,0,50,71,64,61
Harlingen-Weslaco-Brownsville-McAllen TX,0,24,31,26,24
Lubbock TX,0,55,51,52,54
Sherman TX-Ada OK,0,56,0,0,57
San Angelo TX,0,70,0,0,49
Beaumont-Port Arthur TX,0,75,69,0,51
Tyler-Longview(Lufkin & Nacogdoches) TX,0,52,54,70,46
Laredo TX,0,38,0,0,37
El Paso TX,0,34,30,30,29
,,,,,
Top metros for constipation,,,,,
Metro,abdominal pain,constipation,joint pain,muscle pain,headache
Victoria TX,0,100,0,0,100
Beaumont-Port Arthur TX,0,75,69,0,51
Abilene-Sweetwater TX,100,71,0,90,64
San Angelo TX,0,70,0,0,49
Wichita Falls TX & Lawton OK,0,62,100,0,49
Shreveport LA,0,57,67,82,48
Odessa-Midland TX,0,57,46,18,53
Sherman TX-Ada OK,0,56,0,0,57
Lubbock TX,0,55,51,52,54
Tyler-Longview(Lufkin & Nacogdoches) TX,0,52,54,70,46
Amarillo TX,0,50,71,64,61
Corpus Christi TX,0,48,67,100,45
Waco-Temple-Bryan TX,71,40,42,55,41
San Antonio TX,67,39,45,48,36
Dallas-Ft. Worth TX,62,39,51,48,38
Laredo TX,0,38,0,0,37
Austin TX,58,37,50,48,35
Houston TX,57,36,47,49,34
El Paso TX,0,34,30,30,29
Harlingen-Weslaco-Brownsville-McAllen TX,0,24,31,26,24
,,,,,
Top metros for joint pain,,,,,
Metro,abdominal pain,constipation,joint pain,muscle pain,headache
Wichita Falls TX & Lawton OK,0,62,100,0,49
Amarillo TX,0,50,71,64,61
Beaumont-Port Arthur TX,0,75,69,0,51
Corpus Christi TX,0,48,67,100,45
Shreveport LA,0,57,67,82,48
Tyler-Longview(Lufkin & Nacogdoches) TX,0,52,54,70,46
Lubbock TX,0,55,51,52,54
Dallas-Ft. Worth TX,62,39,51,48,38
Austin TX,58,37,50,48,35
Houston TX,57,36,47,49,34
Odessa-Midland TX,0,57,46,18,53
San Antonio TX,67,39,45,48,36
Waco-Temple-Bryan TX,71,40,42,55,41
Harlingen-Weslaco-Brownsville-McAllen TX,0,24,31,26,24
El Paso TX,0,34,30,30,29
Victoria TX,0,100,0,0,100
Sherman TX-Ada OK,0,56,0,0,57
San Angelo TX,0,70,0,0,49
Abilene-Sweetwater TX,100,71,0,90,64
Laredo TX,0,38,0,0,37
,,,,,
Top metros for muscle pain,,,,,
Metro,abdominal pain,constipation,joint pain,muscle pain,headache
Corpus Christi TX,0,48,67,100,45
Abilene-Sweetwater TX,100,71,0,90,64
Shreveport LA,0,57,67,82,48
Tyler-Longview(Lufkin & Nacogdoches) TX,0,52,54,70,46
Amarillo TX,0,50,71,64,61
Waco-Temple-Bryan TX,71,40,42,55,41
Lubbock TX,0,55,51,52,54
Houston TX,57,36,47,49,34
Austin TX,58,37,50,48,35
San Antonio TX,67,39,45,48,36
Dallas-Ft. Worth TX,62,39,51,48,38
El Paso TX,0,34,30,30,29
Harlingen-Weslaco-Brownsville-McAllen TX,0,24,31,26,24
Odessa-Midland TX,0,57,46,18,53
Victoria TX,0,100,0,0,100
Wichita Falls TX & Lawton OK,0,62,100,0,49
Sherman TX-Ada OK,0,56,0,0,57
San Angelo TX,0,70,0,0,49
Beaumont-Port Arthur TX,0,75,69,0,51
Laredo TX,0,38,0,0,37
,,,,,
Top metros for headache,,,,,
Metro,abdominal pain,constipation,joint pain,muscle pain,headache
Victoria TX,0,100,0,0,100
Abilene-Sweetwater TX,100,71,0,90,64
Amarillo TX,0,50,71,64,61
Sherman TX-Ada OK,0,56,0,0,57
Lubbock TX,0,55,51,52,54
Odessa-Midland TX,0,57,46,18,53
Beaumont-Port Arthur TX,0,75,69,0,51
San Angelo TX,0,70,0,0,49
Wichita Falls TX & Lawton OK,0,62,100,0,49
Shreveport LA,0,57,67,82,48
Tyler-Longview(Lufkin & Nacogdoches) TX,0,52,54,70,46
Corpus Christi TX,0,48,67,100,45
Waco-Temple-Bryan TX,71,40,42,55,41
Dallas-Ft. Worth TX,62,39,51,48,38
Laredo TX,0,38,0,0,37
San Antonio TX,67,39,45,48,36
Austin TX,58,37,50,48,35
Houston TX,57,36,47,49,34
El Paso TX,0,34,30,30,29
Harlingen-Weslaco-Brownsville-McAllen TX,0,24,31,26,24
,,,,,
,,,,,
Top cities for abdominal pain,,,,,
City,abdominal pain,,,,
Dallas,100,,,,
San Antonio,99,,,,
Grapevine,94,,,,
Houston,86,,,,
Austin,82,,,,
Fort Worth,0,,,,
,,,,,
Top cities for constipation,,,,,
City,constipation,,,,
Corpus Christi,100,,,,
Pecan Grove,80,,,,
Dallas,75,,,,
Richardson,73,,,,
College Station,70,,,,
Fort Worth,69,,,,
Hempstead,68,,,,
San Antonio,67,,,,
Austin,65,,,,
Grapevine,65,,,,
Plano,64,,,,
Irving,63,,,,
Houston,60,,,,
El Paso,52,,,,
,,,,,
Top cities for joint pain,,,,,
City,joint pain,,,,
Dallas,100,,,,
Houston,82,,,,
San Antonio,81,,,,
Austin,0,,,,
,,,,,
Top cities for muscle pain,,,,,
City,muscle pain,,,,
Austin,100,,,,
Dallas,97,,,,
San Antonio,87,,,,
Houston,86,,,,
Fort Worth,0,,,,
,,,,,
Top cities for headache,,,,,
City,headache,,,,
Amarillo,100,,,,
Conroe,90,,,,
Killeen,87,,,,
Tyler,87,,,,
Corpus Christi,79,,,,
Lubbock,77,,,,
Denton,76,,,,
Hearne,69,,,,
College Station,68,,,,
Frisco,68,,,,
Pecan Grove,68,,,,
Garland,66,,,,
Arlington,66,,,,
Richardson,62,,,,
Dallas,61,,,,
,,,,,
,,,,,
,,,,,
Top searches for abdominal pain,,,,,
lower abdominal pain,100,,,,
left abdominal pain,60,,,,
right abdominal pain,45,,,,
upper abdominal pain,35,,,,
stomach pain,30,,,,
left side pain,25,,,,
severe abdominal pain,15,,,,
sharp abdominal pain,15,,,,
appendicitis,10,,,,
gallbladder pain,5,,,,
kidney pain,5,,,,
appendix,5,,,,
appendix pain,5,,,,
pancreatitis,5,,,,
diverticulitis,5,,,,
appendicitis symptoms,0,,,,
gallstones,0,,,,
ectopic pregnancy,0,,,,
gallbladder symptoms,0,,,,
stomach ulcer,0,,,,
symptom checker,0,,,,
ectopic pregnancy symptoms,0,,,,
pelvic inflammatory disease,0,,,,
gall bladder symptoms,0,,,,
,,,,,
,,,,,
Top searches for constipation,,,,,
constipation pain,100,,,,
constipation remedies,100,,,,
baby constipation,95,,,,
constipation pregnancy,90,,,,
constipation symptoms,75,,,,
constipation relief,60,,,,
remedies for constipation,60,,,,
what is constipation,55,,,,
relieve constipation,50,,,,
constipation causes,50,,,,
constipation home remedies,45,,,,
constipation remedy,35,,,,
severe constipation,35,,,,
dog constipation,35,,,,
symptoms of constipation,30,,,,
constipation during pregnancy,30,,,,
chronic constipation,30,,,,
constipation medicine,30,,,,
constipation treatment,30,,,,
newborn constipation,30,,,,
toddler constipation,30,,,,
infant constipation,30,,,,
prune juice constipation,20,,,,
what causes constipation,20,,,,
prune juice,20,,,,
constipation in pregnancy,20,,,,
constipation in infants,20,,,,
foods for constipation,20,,,,
constipation in babies,20,,,,
causes of constipation,15,,,,
karo syrup,15,,,,
constipation while pregnant,15,,,,
medicine for constipation,15,,,,
signs of constipation,15,,,,
enema,15,,,,
natural constipation remedies,15,,,,
miralax,15,,,,
constipation in toddlers,15,,,,
what helps constipation,15,,,,
constipation after surgery,10,,,,
constipation in dogs,10,,,,
magnesium for constipation,10,,,,
constipation definition,10,,,,
laxatives,10,,,,
opioid constipation,10,,,,
suppository,10,,,,
constipation in children,10,,,,
milk of magnesia,10,,,,
prunes,10,,,,
magnesium citrate,10,,,,
,,,,,
,,,,,
Top searches for joint pain,,,,,
hip joint pain,100,,,,
joint pain causes,65,,,,
si joint pain,60,,,,
si joint,60,,,,
shoulder pain,55,,,,
shoulder joint pain,50,,,,
joint pain relief,35,,,,
sacroiliac joint,30,,,,
sacroiliac joint pain,30,,,,
rheumatoid arthritis,15,,,,
,,,,,
,,,,,
Top searches for muscle pain,,,,,
back muscle pain,100,,,,
shoulder pain,40,,,,
muscle spasms,30,,,,
calf muscle pain,30,,,,
lower back pain,30,,,,
muscle relaxers,15,,,,
,,,,,
,,,,,
Top searches for headache,,,,,
sinus headache,100,,,,
headaches,90,,,,
nausea,80,,,,
headache nausea,80,,,,
migraine headache,70,,,,
migraine,70,,,,
pressure headache,70,,,,
tension headache,55,,,,
headache causes,40,,,,
severe headache,40,,,,
bad headache,40,,,,
headache medicine,40,,,,
nausea and headache,35,,,,
headache relief,35,,,,
headache remedies,35,,,,
headache rack,35,,,,
fever and headache,30,,,,
blood pressure headache,25,,,,
cluster headache,20,,,,
headache behind eye,20,,,,
headache remedy,20,,,,
temple headache,15,,,,
high blood pressure,15,,,,
caffeine headache,15,,,,
dizziness and headache,15,,,,
sinus pressure headache,15,,,,
constant headache,15,,,,
headache while pregnant,15,,,,
headache behind eyes,15,,,,
meningitis,10,,,,
headache during pregnancy,10,,,,
spinal headache,10,,,,
stress headache,10,,,,
hangover headache,10,,,,
allergy headache,10,,,,
throbbing headache,10,,,,
sinus headache symptoms,10,,,,
sinus infection,10,,,,
dehydration,10,,,,
dehydration headache,10,,,,
migraine headache symptoms,10,,,,
tension headaches,10,,,,
headache racks,10,,,,
aneurysm,10,,,,
headache pressure points,10,,,,
migraine symptoms,10,,,,
,,,,,
,,,,,
,,,,,
,,,,,
,,,,,
Rising searches for constipation,,,,,
opioid constipation,350%,,,,
newborn constipation relief,300%,,,,
opioid induced constipation,250%,,,,
constipation definition,90%,,,,
linzess,40%,,,,
,,,,,
,,,,,
,,,,,
,,,,,
,,,,,
,,,,,
Rising searches for headache,,,,,
headache in temples,100%,,,,
natural headache relief,80%,,,,
headache behind eyes,50%,,,,
ice pick headache,50%,,,,
sinus infection symptoms,50%,,,,
spinal headache,40%,,,,
